tree
version=v4
num_class=1
num_tree_per_iteration=1
label_index=0
max_feature_idx=17
objective=binary sigmoid:1
feature_names=train_kind prev_delay_departure_min time_reserve_min min_technical_time_min hour_sin hour_cos day_of_week is_track_closure is_speed_warning active_disruption_group num_platform_tracks is_passing_loop is_node edge_delta_delay_P50 edge_delta_delay_P90 edge_delta_delay_MAD station_delta_stop_min_P50 station_delta_stop_min_P90
feature_infos=-1:0:1 [0:459] [0:81] [1:179.52000000000001] [-1:1] [-1:0.99999048072073449] [0:6] [0:1] [0:1] -1:0:5:7:3:1:2:6 [1:17] [0:1] [0:1] [-7.5:57] [-2:57] [0:8] [-4:1] [-4:10.800000000000001]
tree_sizes=3408 3413

Tree=0
num_leaves=31
num_cat=1
split_feature=9 14 3 1 14 14 14 1 1 3 14 14 13 3 3 2 10 8 1 2 13 3 1 10 10 10 1 3 14 1
split_gain=1.29223e+06 239692 100506 55148.9 30507.1 24332.1 13711.4 13704.6 12160.9 10999.3 10703.7 9504.36 7687.53 5583.66 5075.95 3866.87 3591.62 3121.03 2978.41 2900.62 2827.41 2555.12 2412.8 2214.62 3002.45 2173.21 2137.85 1987.14 1878.93 2001.57
threshold=0 2.5499999999999976 5.0150000000000015 6.5000000000000009 2.1999999999999962 1.0499999999999974 0.40000000000000396 10.500000000000002 3.5000000000000004 13.295000000000002 0.40000000000000396 1.0000000180025095e-35 1.2500000000000002 11.020000000000001 106.20500000000001 3.7550000000000003 9.5000000000000018 1.0000000180025095e-35 13.500000000000002 1.53 0.75000000000000011 4.3449999999999998 15.500000000000002 13.000000000000002 16.000000000000004 4.5000000000000009 10.500000000000002 8.1300000000000026 4.2000000000000108 9.5000000000000018
decision_type=9 2 2 2 2 2 2 2 2 2 2 2 2 2 2 2 2 2 2 2 2 2 2 2 2 2 2 2 2 2
left_child=1 3 10 5 7 11 13 9 12 17 21 15 14 -5 19 -1 -13 -4 -8 -3 22 -2 -10 25 -25 -7 -15 -20 29 -6
right_child=2 8 4 6 28 23 18 -9 20 -11 -12 16 -14 26 -16 -17 -18 -19 27 -21 -22 -23 -24 24 -26 -27 -28 -29 -30 -31
leaf_value=-3.0455759007905105 -2.7997072489777381 -2.4126068010751078 -2.3676492581961792 -2.935769969776564 -2.0987090397015993 -2.7448015995612804 -2.6740519327382639 -2.092022639636772 -2.3644661009138743 -2.1816720632643243 -2.2469019007108795 -2.9394240195011534 -2.0925277999374439 -2.9023879612967183 -2.2745789877643947 -2.9217681659669825 -2.7209177086062217 -2.2515194226070654 -2.6899493513313746 -2.5671820084500983 -2.0403942896577139 -2.6031919961291212 -2.1771046258957574 -2.3756305335968309 -2.839862375290096 -2.8632651869865633 -2.5936847016826907 -2.4906210577708952 -2.0146118102445389 -2.0086534547680048
leaf_weight=4659.8096855580807 570.37675669789314 408.92670026421547 1475.0501255840063 561.49390771985054 2202.7010683715343 879.08231315016747 607.47313615679741 2100.3291618078947 397.94516682624817 3277.6613887548447 125.91120609641075 4169.4122579544783 126.50105978548527 74.315280199050903 227.08604866266251 729.3901448994875 196.94570572674274 951.94937084615231 153.89430619776249 1177.1235665082932 144.14081434905529 232.96959236264229 302.40949463844299 75.581440269947052 64.596840426325798 691.81658144295216 228.60373137891293 666.74191217124462 2433.0011986941099 857.08831085264683
leaf_count=102879 9921 4097 13515 11222 8896 14371 9112 8215 3622 18418 864 83620 496 1438 1678 14383 3130 6616 2355 15260 422 3180 1673 704 1173 12871 3079 7671 5928 1991
internal_value=-2.52266 -2.82366 -2.17343 -2.90913 -2.13768 -2.95389 -2.68526 -2.20121 -2.40043 -2.24142 -2.67554 -2.9844 -2.46938 -2.84243 -2.49567 -3.02882 -2.92957 -2.3221 -2.59013 -2.52733 -2.24206 -2.74272 -2.28356 -2.77998 -2.58956 -2.79697 -2.66942 -2.528 -2.04741 -2.07348
internal_weight=30770.3 16543.3 14227 13759.2 13297.8 11466.6 2292.52 7804.99 2784.13 5704.66 929.258 9755.56 1939.64 864.413 1813.14 5389.2 4366.36 2427 1428.11 1586.05 844.495 803.346 700.355 1711.08 140.178 1570.9 302.919 820.636 5492.79 3059.79
internal_count=372800 295256 77544 268008 63579 233131 34877 46764 27248 38549 13965 204012 21531 15739 21035 117262 86750 20131 19138 19357 5717 13101 5295 29119 1877 27242 4517 10026 16815 10887
cat_boundaries=0 1
cat_threshold=1
is_linear=0
shrinkage=1


Tree=1
num_leaves=31
num_cat=2
split_feature=9 14 1 3 14 14 1 3 2 14 9 3 10 10 2 1 1 5 4 11 2 13 3 10 5 3 14 3 10 1
split_gain=215996 86813.6 21657.2 10099.3 8343.62 6944.94 4516.17 3859.19 2912.08 2642.07 3592 1854.81 1797.85 1725.52 1599.64 1490.83 1473.39 1351.83 1230.83 1182.3 1181.01 1151.87 1135.01 1069.21 1054.74 1100.9 1026.48 908.695 896.389 862.557
threshold=0 1.2000000000000315 5.5000000000000009 4.3449999999999998 2.9999999999999996 1.0000000180025095e-35 7.5000000000000009 5.9250000000000007 3.7550000000000003 1.0499999999999974 1 8.0100000000000016 9.5000000000000018 9.5000000000000018 6.785000000000001 5.5000000000000009 11.500000000000002 0.95037782124851555 0.66098293165790345 1.0000000180025095e-35 0.98499999999999954 4.0000000000000009 54.750000000000007 13.000000000000002 0.97859653660919488 9.5350000000000019 7.7500000000000009 36.875000000000007 1.5000000000000002 6.5000000000000009
decision_type=9 2 2 2 2 2 2 2 2 2 9 2 2 2 2 2 2 2 2 2 2 2 2 2 2 2 2 2 2 2
left_child=1 2 5 15 6 8 17 -4 22 10 11 -5 18 14 21 28 -9 20 24 -17 -3 -6 -1 -22 25 -7 -16 -18 -2 -13
right_child=3 4 7 9 13 12 -8 16 -10 -11 -12 29 -14 -15 26 19 27 -19 -20 -21 23 -23 -24 -25 -26 -27 -28 -29 -30 -31
leaf_value=0.00072122413710702074 0.53127994926480748 0.30658462001115094 0.073213825005079877 0.23798808507478061 0.31887099255756451 0.062119627877709173 0.35724009981934196 0.18505479776972933 0.10475129291726706 0.39447838663108203 0.38776496979755648 0.31511542096055362 0.22781015108301253 0.37890655522418304 0.16487788606281018 0.2112274383895234 0.26029450472808929 0.37826551134506126 0.050124611381673206 0.46207363211783614 0.16749817066387004 0.43174275988266286 0.7238093333936515 0.28688803659795198 0.31599673843018183 0.12464002730221135 0.46485025444000461 0.47795236094463328 0.15415901362986728 0.36640421925686406
leaf_weight=4586.6651727333665 16.189610376954079 205.15895563736558 418.30850768089294 575.66849383711815 2507.0849825590849 1038.1211664304137 582.09755548834801 845.54877508059144 803.58943904936314 18675.307477146387 6908.1528677493334 2122.9308996275067 258.80112047865987 1859.6633764877915 235.84416251629591 103.6607421785593 1470.6317568570375 102.61649398505688 1251.5888742171228 85.898128561675549 1730.2231131866574 248.43204315006733 5.4333801083266726 210.3255695104599 60.060506962239742 2188.4609328992665 32.441551767289639 49.568580500781536 589.76459767669439 1335.4091304019094
leaf_count=101173 29 2290 7397 3847 15584 19487 4153 11781 14166 30894 19910 9331 3083 8434 2384 1339 14502 965 23760 639 24454 188 45 1843 836 38397 80 254 8263 3292
internal_value=0.293405 0.168499 0.0896166 0.378201 0.301419 0.0558582 0.233115 0.21321 0.0169427 0.383047 0.363538 0.320294 0.0996302 0.341008 0.3177 0.202518 0.237963 0.200978 0.0923205 0.324898 0.1925 0.329047 0.00157678 0.180438 0.108389 0.104525 0.201151 0.267392 0.164235 0.33492
internal_weight=51103.6 20690.7 12976.8 30413 7713.89 10192.7 2830.42 2784.06 5395.69 29617.5 10942.2 4034.01 4797.03 4883.47 3023.8 795.513 2365.75 2248.32 4538.23 189.559 2145.71 2755.52 4592.1 1940.55 3286.64 3226.58 268.286 1520.2 605.954 3458.34
internal_count=372800 295256 234881 77544 60375 200947 33705 33934 115384 67274 36380 16470 85563 26670 18236 10270 26537 29552 82480 1978 28587 15772 101218 26297 58720 57884 2464 14756 8292 12623
cat_boundaries=0 1 2
cat_threshold=1 96
is_linear=0
shrinkage=0.05


end of trees

feature_importances:
prev_delay_departure_min=12
min_technical_time_min=12
edge_delta_delay_P90=12
num_platform_tracks=8
time_reserve_min=5
active_disruption_group=3
edge_delta_delay_P50=3
hour_cos=2
hour_sin=1
is_speed_warning=1
is_passing_loop=1

parameters:
[boosting: gbdt]
[objective: binary]
[metric: auc,binary_logloss]
[tree_learner: serial]
[device_type: cpu]
[data_sample_strategy: bagging]
[data: ]
[valid: ]
[num_iterations: 300]
[learning_rate: 0.05]
[num_leaves: 31]
[num_threads: 4]
[seed: 42]
[deterministic: 0]
[force_col_wise: 0]
[force_row_wise: 0]
[histogram_pool_size: -1]
[max_depth: -1]
[min_data_in_leaf: 80]
[min_sum_hessian_in_leaf: 0.001]
[bagging_fraction: 1]
[pos_bagging_fraction: 1]
[neg_bagging_fraction: 1]
[bagging_freq: 0]
[bagging_seed: 400]
[bagging_by_query: 0]
[feature_fraction: 1]
[feature_fraction_bynode: 1]
[feature_fraction_seed: 30056]
[extra_trees: 0]
[extra_seed: 12879]
[early_stopping_round: 0]
[early_stopping_min_delta: 0]
[first_metric_only: 0]
[max_delta_step: 0]
[lambda_l1: 0]
[lambda_l2: 0]
[linear_lambda: 0]
[min_gain_to_split: 0]
[drop_rate: 0.1]
[max_drop: 50]
[skip_drop: 0.5]
[xgboost_dart_mode: 0]
[uniform_drop: 0]
[drop_seed: 17869]
[top_rate: 0.2]
[other_rate: 0.1]
[min_data_per_group: 100]
[max_cat_threshold: 32]
[cat_l2: 10]
[cat_smooth: 10]
[max_cat_to_onehot: 4]
[top_k: 20]
[monotone_constraints: ]
[monotone_constraints_method: basic]
[monotone_penalty: 0]
[feature_contri: ]
[forcedsplits_filename: ]
[refit_decay_rate: 0.9]
[cegb_tradeoff: 1]
[cegb_penalty_split: 0]
[cegb_penalty_feature_lazy: ]
[cegb_penalty_feature_coupled: ]
[path_smooth: 0]
[interaction_constraints: ]
[verbosity: -1]
[saved_feature_importance_type: 0]
[use_quantized_grad: 0]
[num_grad_quant_bins: 4]
[quant_train_renew_leaf: 0]
[stochastic_rounding: 1]
[linear_tree: 0]
[max_bin: 255]
[max_bin_by_feature: ]
[min_data_in_bin: 3]
[bin_construct_sample_cnt: 200000]
[data_random_seed: 175]
[is_enable_sparse: 1]
[enable_bundle: 1]
[use_missing: 1]
[zero_as_missing: 0]
[feature_pre_filter: 1]
[pre_partition: 0]
[two_round: 0]
[header: 0]
[label_column: ]
[weight_column: ]
[group_column: ]
[ignore_column: ]
[categorical_feature: 0,9]
[forcedbins_filename: ]
[precise_float_parser: 0]
[parser_config_file: ]
[objective_seed: 16083]
[num_class: 1]
[is_unbalance: 0]
[scale_pos_weight: 21.0866]
[sigmoid: 1]
[boost_from_average: 1]
[reg_sqrt: 0]
[alpha: 0.9]
[fair_c: 1]
[poisson_max_delta_step: 0.7]
[tweedie_variance_power: 1.5]
[lambdarank_truncation_level: 30]
[lambdarank_norm: 1]
[label_gain: ]
[lambdarank_position_bias_regularization: 0]
[eval_at: ]
[multi_error_top_k: 1]
[auc_mu_weights: ]
[num_machines: 1]
[local_listen_port: 12400]
[time_out: 120]
[machine_list_filename: ]
[machines: ]
[gpu_platform_id: -1]
[gpu_device_id: -1]
[gpu_device_id_list: ]
[gpu_use_dp: 0]
[num_gpu: 1]

end of parameters

pandas_categorical:[]
